0, 400.4588, 240.5396, 24.6759, 290.2736, 338.3142, 144.9808, 101.6619, 55.9526, 287.8446, 274.6218, 276.3225, 301.4961, 277.08, 300.5287, 148.824, 278.4886, 197.3661, 295.0544, 261.1785, 289.8305, 185.5029, 345.8335, 37.7756, 303.1763, 287.9484, 188.3494, 146.4323, 370.5118, 316.496, 90.4835, 70.4386, 261.473, 342.1711, 286.5198
400.7217, 0, 596.7444, 383.1903, 158.5304, 81.3922, 263.7323, 347.1992, 360.9005, 262.689, 245.518, 247.2187, 226.2872, 243.4439, 258.5619, 294.2702, 155.7666, 222.879, 141.7509, 169.7375, 133.7899, 209.5177, 89.3606, 381.2479, 87.7836, 189.4735, 265.3671, 314.4847, 48.0848, 117.9884, 319.6495, 357.8216, 206.3282, 81.2791, 151.9812
240.516, 596.4542, 0, 218.65, 493.8925, 534.3096, 354.4003, 267.2549, 259.5716, 491.4636, 478.2408, 479.9415, 505.1151, 480.699, 504.1477, 342.703, 482.1076, 400.9851, 491.0498, 457.1739, 485.8259, 381.4983, 546.0107, 252.652, 499.1717, 491.5674, 410.2429, 318.4608, 566.5072, 512.4914, 286.4788, 292.3322, 465.092, 538.1665, 490.1388
24.5684, 382.7939, 219.6199, 0, 275.242, 320.6493, 127.3159, 78.0691, 40.921, 272.813, 259.5902, 261.2909, 286.4645, 262.0484, 285.4971, 131.159, 263.457, 182.3345, 277.3894, 243.5135, 272.1656, 167.838, 330.8019, 34.0014, 285.5114, 272.9168, 197.5712, 128.7674, 352.8469, 298.8311, 72.8185, 77.5515, 246.4414, 324.5061, 271.4883
290.0256, 158.4559, 493.6384, 275.1015, 0, 128.8022, 245.6864, 273.0516, 234.0643, 85.3801, 64.6997, 67.0068, 72.5936, 59.1396, 92.2811, 291.4709, 31.6899, 96.0429, 82.0782, 218.4319, 187.0172, 169.1018, 75.8483, 263.7882, 159.14, 48.4272, 134.7332, 306.0663, 187.0458, 88.5939, 245.5019, 230.9854, 31.3469, 98.2531, 22.859
338.7641, 81.3922, 534.7868, 321.2328, 128.6928, 0, 257.8765, 285.2417, 298.9429, 194.3985, 177.2275, 178.9282, 207.3031, 175.1534, 207.0825, 262.9407, 109.6571, 160.9215, 73.4604, 141.165, 109.7808, 181.2919, 59.2266, 319.2903, 56.4541, 183.6885, 203.4096, 318.2564, 71.6379, 40.6358, 257.692, 295.864, 138.0376, 36.0669, 107.7582
149.858, 263.3123, 349.9768, 132.3266, 245.2776, 256.9413, 0, 75.6246, 101.4357, 254.9318, 241.709, 243.4097, 268.5833, 244.1672, 267.6159, 62.6466, 226.2419, 184.3409, 213.6815, 141.7298, 170.3818, 89.8565, 268.6424, 130.3842, 184.7051, 255.0356, 220.4401, 58.9893, 233.8823, 235.1231, 63.8819, 123.6268, 226.8309, 260.7982, 224.343
101.6613, 351.5942, 267.1213, 77.0923, 277.7859, 289.4496, 73.2945, 0, 99.5872, 287.4401, 274.2173, 275.918, 301.0916, 276.6755, 300.1241, 64.7407, 258.7501, 216.8492, 246.1898, 212.3138, 240.9659, 136.6383, 301.1507, 92.6856, 254.3117, 287.5439, 252.9484, 48.4931, 321.6472, 267.6314, 69.0393, 125.0739, 259.3392, 293.3065, 256.8512
55.9607, 361.0154, 259.5735, 41.0366, 234.3203, 298.8708, 101.4357, 100.7448, 0, 231.8914, 218.6686, 220.3693, 245.5429, 221.1267, 244.5754, 140.095, 222.5354, 141.4129, 250.384, 217.6334, 246.2854, 141.9578, 289.8802, 29.7233, 259.6313, 231.9951, 159.4271, 138.3147, 331.0684, 279.888, 39.362, 39.4074, 205.5198, 310.4923, 230.5666
287.4463, 249.7372, 491.0591, 272.5222, 83.1202, 193.9741, 254.9467, 282.3119, 231.485, 0, 18.4901, 20.1908, 12.7406, 24.0203, 20.8097, 306.5237, 99.7848, 93.4635, 127.5402, 284.1176, 232.4792, 191.6042, 167.1296, 261.2089, 204.602, 50.9419, 77.8205, 315.3266, 232.5078, 146.7424, 254.7622, 228.4061, 76.5163, 177.3468, 107.816
274.4398, 233.3783, 478.0525, 259.5157, 64.7133, 177.6152, 241.9402, 269.3054, 218.4785, 20.7637, 0, 2.3904, 32.0472, 5.6135, 37.6153, 293.5171, 83.4259, 80.457, 111.1813, 271.1111, 216.1204, 178.5976, 150.7707, 248.2024, 188.2432, 41.9015, 80.0668, 302.3201, 216.1489, 130.3836, 241.7556, 215.3996, 60.1574, 160.988, 76.5933
276.1311, 235.0697, 479.7439, 261.2071, 67.0205, 179.3066, 243.6316, 270.9968, 220.1698, 22.4551, 2.3513, 0, 29.2964, 7.9206, 39.3067, 295.2085, 85.1173, 82.1484, 112.8727, 272.8025, 217.8117, 180.289, 152.4621, 249.8937, 189.9345, 39.1507, 81.7582, 304.0114, 217.8403, 132.0749, 243.447, 217.0909, 61.8488, 162.6793, 93.1485
302.0548, 226.3717, 505.6675, 287.1307, 72.6159, 208.0935, 269.5552, 296.9204, 246.0934, 12.6319, 32.0472, 29.2964, 0, 29.1032, 19.7198, 321.1321, 94.1191, 108.072, 141.6596, 298.7261, 246.5986, 206.2126, 143.7642, 275.8174, 218.7214, 38.3423, 93.0659, 329.9351, 246.6272, 160.8618, 269.3706, 243.0145, 76.3839, 166.1689, 84.4959
276.8874, 231.7497, 480.5001, 261.9633, 59.1533, 175.9866, 244.3878, 271.753, 220.926, 26.2939, 5.6135, 7.9206, 29.0963, 0, 43.1455, 295.9647, 81.7973, 82.9046, 109.5527, 273.5587, 214.4917, 181.0452, 149.1421, 250.65, 186.6145, 38.9507, 85.597, 304.7677, 214.5203, 128.7549, 244.2032, 217.8471, 49.6295, 159.3593, 71.0333
300.7865, 258.7191, 504.3993, 285.8624, 92.2898, 207.3143, 268.287, 295.6521, 244.8252, 20.8097, 38.0279, 39.7286, 19.7062, 43.5581, 0, 319.8639, 113.125, 106.8038, 140.8804, 297.4578, 245.8194, 204.9444, 176.1115, 274.5491, 217.9422, 58.0162, 91.7977, 328.6668, 245.848, 160.0826, 268.1024, 241.7463, 89.8565, 198.5163, 121.1562
148.7991, 294.236, 338.6237, 131.2678, 291.392, 262.9065, 62.6174, 64.7413, 138.9504, 307.2768, 294.054, 295.7547, 320.9283, 296.5121, 319.9608, 0, 272.3563, 236.6859, 259.7959, 153.9764, 182.6284, 135.9877, 314.7568, 132.0488, 215.6289, 307.3805, 272.7851, 32.9718, 264.806, 281.2376, 111.8213, 167.856, 279.1759, 306.9126, 270.4574
278.2183, 155.7249, 481.8311, 263.2942, 31.7005, 109.7012, 226.5855, 253.9507, 222.257, 120.8368, 83.4545, 85.1552, 94.106, 81.3804, 133.5209, 272.37, 0, 84.2356, 62.9772, 199.3309, 167.9162, 150.0009, 73.1174, 251.9809, 140.039, 69.9397, 122.9259, 286.9654, 167.9448, 69.4929, 226.4009, 219.1781, 36.5087, 95.5222, 10.2365
197.8017, 222.8392, 401.4145, 182.8776, 96.1441, 160.6947, 185.2774, 212.6425, 141.8404, 93.7152, 80.4924, 82.1931, 107.3667, 82.9506, 106.3993, 236.8543, 84.3592, 0, 112.2078, 214.4482, 192.9625, 121.9348, 151.704, 171.5643, 165.0853, 93.819, 62.5944, 245.6572, 192.8923, 141.7118, 139.6768, 138.7615, 67.3436, 172.3162, 92.3904
295.6378, 142.3624, 491.6606, 278.1065, 81.6531, 73.8817, 214.7502, 242.1154, 250.6661, 128.251, 111.08, 112.7807, 141.1557, 109.0059, 140.9351, 260.5347, 62.6174, 112.6447, 0, 143.8014, 112.3868, 138.1656, 77.4048, 276.1641, 84.5096, 117.5411, 151.335, 275.1301, 112.4154, 45.1544, 214.5657, 247.5872, 71.8902, 77.7385, 60.7185
261.7526, 169.3299, 457.7753, 244.2212, 218.2778, 141.3862, 137.7027, 208.2302, 218.2343, 284.163, 270.9402, 272.6409, 297.8145, 273.3984, 296.847, 154.0758, 199.2421, 213.5721, 143.9375, 0, 36.9685, 104.1039, 178.6635, 242.2788, 94.1085, 284.2668, 249.6713, 185.6346, 124.8708, 150.5328, 180.6805, 240.2488, 208.5148, 172.4361, 197.3431
290.4438, 133.4513, 486.4665, 272.9124, 186.8109, 109.7783, 166.3939, 236.9214, 246.9255, 233.4088, 216.2378, 217.9385, 246.3134, 214.1637, 246.0928, 182.767, 167.7752, 193.8355, 112.4707, 37.0375, 0, 132.7951, 147.1966, 270.97, 62.6417, 222.6988, 236.3236, 214.3258, 88.9922, 119.0659, 209.3716, 268.94, 177.0479, 140.9692, 165.8763
185.588, 242.7573, 381.6108, 168.0567, 168.949, 180.6127, 90.371, 132.0656, 142.0697, 191.9633, 178.7405, 180.4412, 205.6148, 181.1987, 204.6474, 136.0927, 149.9133, 121.3724, 137.3529, 104.8334, 133.4854, 0, 192.3138, 166.1143, 130.5128, 192.0671, 157.4716, 141.1233, 212.8103, 158.7945, 104.5159, 161.0178, 159.4612, 184.4696, 148.0143
346.3871, 89.324, 546.1915, 332.6374, 76.2236, 59.2378, 269.2811, 296.6463, 290.4258, 189.0056, 151.6233, 153.324, 143.9804, 149.5491, 176.255, 315.0656, 73.4597, 152.4043, 77.6006, 178.4392, 147.0245, 192.6965, 0, 320.1497, 110.6749, 107.1666, 191.0946, 329.661, 125.8587, 40.5687, 269.0966, 287.3469, 111.3913, 23.1703, 69.6744
37.7166, 380.9614, 252.6135, 34.0766, 264.0585, 318.8169, 125.4834, 93.8047, 29.7376, 261.6296, 248.4068, 250.1075, 275.2811, 250.8649, 274.3136, 133.1549, 252.2736, 171.1511, 275.557, 241.6811, 270.3331, 166.0055, 319.6184, 0, 283.6789, 261.7334, 163.6157, 130.7632, 351.0145, 296.9987, 69.1002, 43.596, 235.258, 322.6737, 260.3048
303.7617, 87.2772, 499.7844, 286.2303, 158.761, 55.9476, 185.1257, 250.2392, 260.2433, 205.3588, 188.1879, 189.8886, 218.2635, 186.1137, 218.0429, 215.6636, 139.7253, 165.7856, 84.4207, 93.8879, 62.4733, 130.9111, 110.1573, 284.2879, 0, 194.6489, 208.2737, 235.8781, 57.8472, 91.5665, 222.6895, 279.1914, 148.998, 86.9976, 137.8263
288.0099, 189.3865, 491.6227, 273.0858, 48.3924, 184.5559, 255.5103, 282.8755, 232.0486, 50.8014, 41.7766, 39.0258, 38.2019, 38.8326, 57.8894, 307.0872, 69.8956, 94.0271, 118.122, 284.6812, 223.0611, 192.1677, 106.7789, 261.7725, 195.1839, 0, 130.0368, 315.8902, 223.0897, 137.3243, 255.3258, 228.9697, 52.1604, 129.1837, 60.2724
188.5234, 265.3845, 410.4119, 197.6961, 135.0911, 203.24, 238.4381, 265.8033, 159.4625, 77.5216, 79.799, 81.4997, 92.5172, 85.3292, 91.5497, 290.0151, 123.3061, 62.2688, 151.1548, 267.609, 235.5078, 175.0956, 190.651, 163.607, 207.6306, 129.8883, 0, 298.818, 235.4375, 180.6587, 189.9482, 120.0533, 106.2905, 211.2631, 131.3374
146.4174, 314.0255, 314.3946, 123.2266, 305.783, 317.4467, 58.9501, 48.4763, 136.5687, 315.4372, 302.2144, 303.9151, 329.0887, 304.6726, 328.1213, 32.9327, 286.7473, 244.8463, 274.1869, 185.4961, 214.1481, 140.5697, 329.1478, 129.6671, 235.4183, 315.541, 280.9455, 0, 284.5955, 295.6285, 109.4347, 165.4693, 287.3363, 321.3036, 284.8484
371.0593, 48.0991, 567.082, 353.5279, 186.4288, 71.3595, 234.5776, 317.5368, 331.2381, 233.0266, 215.8557, 217.5563, 245.9313, 213.7815, 245.7107, 265.1155, 167.393, 193.2166, 112.0885, 125.2927, 89.3451, 213.587, 125.5692, 351.5855, 58.6289, 222.3167, 235.7047, 285.3299, 0, 106.9784, 289.9871, 328.1592, 176.6658, 102.4094, 165.4941
316.8452, 117.9884, 512.868, 299.3139, 88.4845, 40.6358, 235.9576, 263.3228, 280.6889, 147.8509, 130.68, 132.3806, 160.7556, 128.6058, 160.535, 281.7421, 69.4488, 142.6674, 45.3912, 149.9201, 118.5054, 159.373, 40.5861, 297.3715, 92.0729, 137.141, 181.3577, 296.3375, 107.2567, 0, 235.7731, 277.61, 91.4901, 50.4454, 67.5499
90.7817, 319.3388, 286.8044, 73.2503, 245.5305, 257.1942, 63.8608, 69.0474, 39.3521, 255.1847, 241.9619, 243.6626, 268.8362, 244.4201, 267.8688, 111.9599, 226.4948, 139.8321, 213.9344, 180.0585, 208.7105, 104.3829, 268.8953, 69.076, 222.0563, 255.2885, 190.4963, 109.5316, 289.3918, 235.376, 0, 66.473, 227.0838, 261.0511, 224.5959
70.4393, 358.2267, 292.3278, 77.6422, 231.5316, 296.0821, 123.6168, 125.1249, 39.4086, 229.1027, 215.8799, 217.5806, 242.7542, 218.338, 241.7867, 168.0374, 219.7467, 138.6242, 247.5953, 240.3532, 269.0053, 160.988, 287.0915, 43.5531, 278.6614, 229.2064, 120.0191, 165.6091, 328.2797, 277.0992, 66.4637, 0, 202.7311, 307.7036, 227.7779
261.4109, 194.2562, 465.0236, 246.4868, 31.3587, 138.4931, 226.4041, 253.7692, 205.4495, 77.3315, 60.1605, 61.8612, 76.3876, 58.0864, 90.0156, 277.981, 35.6611, 67.4281, 72.0592, 208.4129, 176.9982, 159.36, 111.6486, 235.1735, 149.121, 52.2213, 106.1184, 286.7839, 177.0268, 92.086, 226.2195, 202.3707, 0, 122.6904, 43.6923
342.621, 81.2791, 538.6437, 325.0896, 98.6216, 36.0669, 261.7334, 289.0985, 311.3014, 178.4634, 161.2924, 162.9931, 166.3784, 159.2183, 198.653, 307.5178, 100.0613, 173.2799, 77.3172, 172.2149, 140.8002, 185.1487, 23.1591, 323.1472, 87.504, 129.5646, 211.9702, 322.1132, 102.6878, 50.428, 261.5488, 308.2225, 122.1025, 0, 92.0723
286.2496, 151.9097, 489.8623, 271.3255, 22.8696, 107.8123, 224.6965, 252.0617, 230.2882, 128.868, 76.2292, 78.5363, 84.1231, 70.6692, 141.5521, 270.481, 10.2365, 92.2668, 61.0882, 197.4419, 166.0273, 148.1119, 69.3022, 260.0122, 138.1501, 59.9567, 130.9571, 285.0764, 166.0559, 67.6039, 224.512, 227.2093, 44.5399, 91.7069, 0